2
0 0 0 0 0 0 0 0 -2 0
0 0 0 0 1 1 1 0 1 0
-1 1 1 0 1 0 1 0 1 0
0 0 1 0 1 0 1 1 1 0
0 0 1 1 1 0 0 0 0 0
0 0 0 0 0 0 1 1 1 0
0 1 1 1 1 0 1 0 1 0
0 1 0 0 1 0 1 0 1 0
0 1 0 0 1 1 1 0 1 0
0 -1 0 0 0 0 0 0 1 -2
640 640 400
Path
8
128.0 3
128.0 1
128.0 3
192.0 0
128.0 3
128.0 1
128.0 3
640.0 0
Path
8
192.0 0
192.0 3
128.0 1
128.0 3
192.0 0
128.0 3
256.0 1
640.0 3
GameWave
0
2
Wave
30000
3
NormalSpawner
0 128.0 200 10 0
SmallerSpawner
0 128.0 200 10 0
TankerSpawner
0 128.0 200 2 0
Wave
2000
2
BossSpawner
0 128.0 10 1 0
TankerSpawner
64.0 576.0 200 2 1
Target
512.0 0 1 100
Target
576.0 576.0 1 100
