640 640 308
Path
5
512.0 2
256.0 1
384.0 3
192.0 1
640.0 2
GameWave
2
2
Wave
-1
3
NormalSpawner
576.0 80.0 -2894 0 0
SmallerSpawner
576.0 80.0 -4294 0 0
TankSpawner
576.0 80.0 -1494 0 0
Wave
-1
1
BossSpawner
576.0 64.0 -1894 0 0
entities
31
Target
0.0 512.0 100 100
NormalEnemy
447.90000000000725 441.4250000000103 100 60 100 0.3 1 90.0 105.22499999999964 3 0 20 100 423 0.25 121
TankerEnemy
145.60000000000633 336.19999999998885 300 300 5 0.2 3 0.0 81.80000000000062 2 0 10 100 0 0.5 0
NormalEnemy
447.90000000000725 429.20000000001096 100 100 100 0.3 1 90.0 92.99999999999947 3 0 10 100 0 0.5 0
TankerEnemy
112.20000000000711 336.19999999998885 300 300 5 0.2 3 0.0 48.40000000000015 2 0 10 100 0 0.5 0
NormalEnemy
447.90000000000725 399.2000000000098 100 100 100 0.3 1 90.0 62.99999999999976 3 0 10 100 0 0.5 0
MachineGunTower
0.0 448.0
128.0 10 0 1 1.0 1.3 30 10 2
class TowerDefense.thegame.entity.bullet.FrozenBullet
class TowerDefense.thegame.entity.bullet.BurningBullet
SmallerEnemy
186.0000000000172 527.999999999987 50 50 0 0.4 2 180.0 262.0000000000022 4 0 10 100 0 0.5 0
NormalEnemy
447.90000000000725 369.2000000000087 100 100 100 0.3 1 90.0 33.00000000000004 3 0 10 100 0 0.5 0
TankerEnemy
78.80000000000663 336.19999999998885 300 300 5 0.2 3 0.0 14.999999999999979 2 0 10 100 0 0.5 0
NormalEnemy
447.90000000000725 339.20000000000755 100 100 100 0.3 1 90.0 2.9999999999999996 3 0 10 100 0 0.5 0
NormalEnemy
420.90000000000623 336.20000000000744 100 100 100 0.3 1 0.0 357.0000000000078 2 0 10 100 0 0.5 0
TankerEnemy
63.80000000000642 317.9999999999899 300 300 5 0.2 3 90.0 237.99999999999503 1 0 10 100 0 0.5 0
NormalEnemy
390.9000000000051 336.20000000000744 100 100 100 0.3 1 0.0 327.00000000000665 2 0 10 100 0 0.5 0
MachineGunTower
576.0 448.0
128.0 10 0 1 1.0 1.3 20 10 1
class TowerDefense.thegame.entity.bullet.BurningBullet
TankerEnemy
63.80000000000642 284.5999999999918 300 300 5 0.2 3 90.0 204.59999999999692 1 0 10 100 0 0.5 0
NormalEnemy
360.90000000000396 336.20000000000744 100 100 100 0.3 1 0.0 297.0000000000055 2 0 10 100 0 0.5 0
NormalEnemy
330.9000000000028 336.20000000000744 100 100 100 0.3 1 0.0 267.0000000000044 2 0 10 100 0 0.5 0
TankerEnemy
63.80000000000642 251.19999999999368 300 300 5 0.2 3 90.0 171.19999999999882 1 0 10 100 0 0.5 0
NormalEnemy
300.9000000000017 336.20000000000744 100 100 100 0.3 1 0.0 237.00000000000327 2 0 10 100 0 0.5 0
MachineGunTower
576.0 256.0
128.0 10 0 1 1.0 1.3 20 10 1
class TowerDefense.thegame.entity.bullet.FrozenBullet
TankerEnemy
63.80000000000642 217.99999999999557 300 300 5 0.2 3 90.0 138.0000000000007 1 0 10 100 0 0.5 0
TankerEnemy
63.80000000000642 184.59999999999746 300 300 5 0.2 3 90.0 104.60000000000095 1 0 10 100 0 0.5 0
TankerEnemy
63.80000000000642 151.19999999999936 300 300 5 0.2 3 90.0 71.20000000000047 1 0 10 100 0 0.5 0
TankerEnemy
63.80000000000642 118.00000000000054 300 300 5 0.2 3 90.0 38.0 1 0 10 100 0 0.5 0
SniperTower
576.0 576.0
320.0 100 85 1 2.0 2.0 60 30 3
class TowerDefense.thegame.entity.bullet.FrozenBullet
class TowerDefense.thegame.entity.bullet.BurningBullet
class TowerDefense.thegame.entity.bullet.NormalBullet
BossEnemy
63.89999999999574 76.89999999999988 500 500 8 0.3 10 90.0 12.90000000000001 1 0 10 100 0 0.5 0
