1
0 0 0 0 0 0 0 0 0 
0 1 1 1 1 1 1 1 1 
0 1 0 0 0 0 0 0 0 
0 1 0 0 0 0 0 0 0 
0 1 0 0 420 0 0 0 0 
0 1 1 1 1 1 1 1 0 
0 0 0 0 0 0 0 1 0 
0 0 0 0 0 0 0 1 0 
-2 1 1 1 1 1 1 1 0 
0 0 0 0 0 0 0 0 0 
640 640 396
Path
5
512.0 2
256.0 1
384.0 3
192.0 1
640.0 2
GameWave
0
2
Wave
1609
3
NormalSpawner
576.0 80.0 -1284 0 0
SmallerSpawner
576.0 80.0 -2684 0 0
TankerSpawner
576.0 80.0 116 0 0
Wave
2000
1
BossSpawner
576.0 64.0 10 1 0
entities
20
Target
0.0 512.0 87 100
Wave
1609
3
NormalSpawner
576.0 80.0 -1284 0 0
SmallerSpawner
576.0 80.0 -2684 0 0
TankerSpawner
576.0 80.0 116 0 0
TankerEnemy
447.8999999999969 367.6999999999963 300 222 20 0.7 3 90.0 31.49999999999998 3 0 10 100 0 0.5 0
NormalTower
256.0 256.0 256.0 50 10 2 0.84 1.2 50 20 1
class TowerDefense.thegame.entity.bullet.NormalBullet
TankerEnemy
359.69999999999834 336.1999999999968 300 222 20 0.7 3 0.0 296.09999999999764 2 0 10 100 0 0.5 0
TankerEnemy
244.9000000000002 336.1999999999968 300 300 20 0.7 3 0.0 181.2999999999995 2 0 10 100 0 0.5 0
TankerEnemy
129.40000000000208 336.1999999999968 300 300 20 0.7 3 0.0 65.80000000000011 2 0 10 100 0 0.5 0
NormalEnemy
154.5 528.5 100 44 5 1.5 1 180.0 292.5 4 0 10 100 0 0.5 0
TankerEnemy
63.60000000000184 285.09999999999764 300 300 20 0.7 3 90.0 205.0999999999991 1 0 10 100 0 0.5 0
NormalEnemy
304.5 528.5 100 100 5 1.5 1 180.0 142.5 4 0 10 100 0 0.5 0
NormalEnemy
447.0 521.0 100 72 5 1.5 1 90.0 184.5 3 0 10 100 0 0.5 0
TankerEnemy
63.60000000000184 168.19999999999953 300 300 20 0.7 3 90.0 88.2000000000002 1 0 10 100 0 0.5 0
NormalEnemy
447.0 371.0 100 100 5 1.5 1 90.0 34.5 3 0 10 100 0 0.5 0
TankerEnemy
91.60000000000196 80.0 300 300 20 0.7 3 180.0 484.3999999999946 0 0 10 100 0 0.5 0
TankerEnemy
208.5000000000008 80.0 300 300 20 0.7 3 180.0 367.4999999999965 0 0 10 100 0 0.5 0
TankerEnemy
325.3999999999989 80.0 300 300 20 0.7 3 180.0 250.59999999999837 0 0 10 100 0 0.5 0
TankerEnemy
441.599999999997 80.0 300 300 20 0.7 3 180.0 134.40000000000026 0 0 10 100 0 0.5 0
